w

0 7 7 1 10 15 14 5 16 6 15 5 16
7 0 11 10 6 13 13 9 20 12 3 6 16
7 11 0 9 5 12 19 3 16 5 9 8 10
1 10 9 0 3 6 1 19 3 2 5 14 1
10 6 5 3 0 9 6 20 19 14 3 2 10
15 13 12 6 9 0 16 2 18 20 15 19 15
14 13 19 1 6 16 0 17 3 6 20 1 12
5 9 3 19 20 2 17 0 20 17 7 4 15
16 20 16 3 19 18 3 20 0 5 15 17 4
6 12 5 2 14 20 6 17 5 0 15 19 16
15 3 9 5 3 15 20 7 15 15 0 18 1
5 6 8 14 2 19 1 4 17 19 18 0 6
16 16 10 1 10 15 12 15 4 16 1 6 0
